country,period,log_rel_flu_level,cov_daily_cases,workplace_presence_reduction,idvi,age,T,RH,latitude,longitude,nb_days_school_closure,nb_days_workplace_closure,nb_days_public_event_restrictions,nb_days_gathering_restrictions,nb_days_public_transport_restrictions,nb_days_stay_at_home_requirements,nb_days_facial_covering_requirements,nb_days_elderly_shielding,nb_days_international_travel_restrictions,nb_days_testing_implementation,nb_days_contact_tracing_implementation
Afghanistan,autumn2020,-0.0795725775188083,2.8000000000000003,-1.5,0.157034,18.6,295.0458391123352,39.15726425592676,34.460593014274984,67.96413168952716,19.0,35.0,0.0,0.0,0.0,0.0,64.0,1.0,0.0,91.0,0.0
Afghanistan,spring2020,-0.533574872235691,6.85020879120879,40.25,0.157034,18.6,298.937331141126,48.87838587598751,34.460593014274984,67.96413168952716,91.0,83.0,89.0,71.0,0.0,0.0,8.0,82.0,85.0,0.0,0.0
Afghanistan,spring2021,0.0094843575334395,9.345,-6.0,0.157034,18.6,300.12343670616445,40.71624761584483,34.460593014274984,67.96413168952716,16.0,91.0,91.0,0.0,0.0,0.0,41.0,0.0,0.0,77.0,0.0
Afghanistan,winter2021,-0.1025339232831452,1.9401868131868132,-0.5,0.157034,18.6,289.62322191956486,45.49680566103957,34.460593014274984,67.96413168952716,0.0,5.0,5.0,0.0,0.0,0.0,78.0,0.0,0.0,91.0,0.0
Argentina,autumn2020,-1.431372561150323,227.130989010989,9.755148741418765,0.707041,31.9,292.64236419604475,57.623592555724734,-33.201377746232204,-60.40135074847552,91.0,26.0,91.0,26.0,0.0,0.0,91.0,85.0,91.0,0.0,91.0
Argentina,spring2020,-0.1874242182871323,7.597857142857142,32.72112676056338,0.707041,31.9,290.8087157764052,67.6255809730472,-33.201377746232204,-60.40135074847552,91.0,54.0,87.0,88.0,84.0,78.0,62.0,91.0,91.0,0.0,91.0
Argentina,spring2021,-1.5895534346405964,464.6765384615385,-1.1382488479262671,0.707041,31.9,290.7397001422464,69.72895645786352,-33.201377746232204,-60.40135074847552,63.0,0.0,91.0,48.0,18.0,0.0,91.0,0.0,91.0,0.0,91.0
Argentina,summer2020,-1.4001104284592054,126.25148351648352,12.67816091954023,0.707041,31.9,286.21832874306153,63.61437844347356,-33.201377746232204,-60.40135074847552,91.0,75.0,91.0,91.0,53.0,0.0,91.0,91.0,91.0,0.0,91.0
Argentina,summer2021,-2.8764448550797708,265.1348571428572,-5.06221198156682,0.707041,31.9,286.2660560713791,64.92730467095623,-33.201377746232204,-60.40135074847552,0.0,0.0,45.0,91.0,0.0,0.0,91.0,0.0,91.0,0.0,91.0
Australia,autumn2020,-3.5830086951079454,0.5731538461538461,5.585774058577406,0.912517,37.9,291.0090806952531,67.62699529470679,-33.61287798943694,144.9963756122215,14.0,14.0,0.0,0.0,0.0,36.0,0.0,0.0,91.0,52.0,91.0
Australia,spring2020,-1.4353399520079493,2.999065934065934,23.56050955414013,0.912517,37.9,289.620483059447,68.46221485001841,-33.61287798943694,144.9963756122215,22.0,0.0,86.0,64.0,0.0,19.0,0.0,15.0,91.0,49.0,91.0
Australia,spring2021,-3.312722787035185,0.4823736263736263,1.9560810810810807,0.912517,37.9,289.8612579827427,68.73103454462448,-33.61287798943694,144.9963756122215,13.0,20.0,0.0,0.0,0.0,0.0,0.0,51.0,91.0,0.0,91.0
Australia,summer2020,-3.136512500728371,8.24854945054945,13.287610619469026,0.912517,37.9,286.2468735667965,70.10005245203999,-33.61287798943694,144.9963756122215,54.0,43.0,0.0,0.0,0.0,0.0,0.0,8.0,91.0,91.0,91.0
Australia,summer2021,-3.036472212463871,19.201648351648352,12.7003367003367,0.912517,37.9,286.6113337672979,68.36312583322339,-33.61287798943694,144.9963756122215,0.0,34.0,0.0,0.0,0.0,0.0,0.0,83.0,91.0,0.0,91.0
Australia,winter2021,-2.9744744817206685,0.4658131868131868,7.68013468013468,0.912517,37.9,294.04496262009525,69.5237487124306,-33.61287798943694,144.9963756122215,10.0,34.0,0.0,0.0,0.0,5.0,0.0,62.0,91.0,0.0,91.0
Austria,spring2020,-0.3092777438298136,19.74556043956044,41.52040816326531,0.874243,44.4,286.75738525390625,58.83684539794922,48.206443,16.370725,79.0,91.0,91.0,91.0,56.0,46.0,0.0,91.0,91.0,0.0,77.0
Austria,spring2021,-2.16891857120748,188.41695604395605,20.448979591836736,0.874243,44.4,285.1957702636719,65.29326629638672,48.206443,16.370725,35.0,91.0,26.0,91.0,91.0,62.0,87.0,91.0,91.0,91.0,91.0
Austria,winter2021,-2.6245695443633403,207.92431868131868,30.350515463917525,0.874243,44.4,277.1112670898437,80.28779602050781,48.206443,16.370725,51.0,91.0,91.0,91.0,91.0,91.0,91.0,91.0,91.0,85.0,91.0
Bangladesh,autumn2020,0.233584187115061,10.110791208791207,-1.0,0.422107,27.5,299.1678726750726,73.29364473615959,23.56723150202803,90.57264753214828,91.0,91.0,57.0,0.0,57.0,0.0,91.0,0.0,91.0,0.0,0.0
Bangladesh,spring2020,-1.0257194476318037,5.78276923076923,40.0,0.422107,27.5,300.40777589964307,74.35942464080362,23.56723150202803,90.57264753214828,91.0,73.0,86.0,88.0,65.0,82.0,16.0,0.0,76.0,0.0,0.0
Bangladesh,spring2021,-0.3948330089833751,17.809846153846156,-12.0,0.422107,27.5,301.63112094655986,68.9910299682329,23.56723150202803,90.57264753214828,91.0,15.0,76.0,76.0,76.0,76.0,91.0,15.0,1.0,91.0,41.0
Bangladesh,summer2020,-0.582807277438417,16.519527472527475,13.0,0.422107,27.5,301.0642699086424,85.59605415682637,23.56723150202803,90.57264753214828,91.0,60.0,91.0,1.0,91.0,1.0,91.0,0.0,91.0,0.0,0.0
Bangladesh,summer2021,-0.5871714949232064,46.48535164835165,-12.0,0.422107,27.5,300.81786143855345,85.55871467210517,23.56723150202803,90.57264753214828,90.0,55.0,83.0,83.0,55.0,83.0,91.0,31.0,36.0,91.0,46.0
Belarus,spring2021,-2.0911093476767144,120.26054945054946,14.0,0.616419,40.3,282.9309077046846,70.97984616923732,53.64323574369774,27.834443551481325,0.0,0.0,0.0,91.0,0.0,91.0,20.0,0.0,91.0,91.0,91.0
Belarus,winter2021,-2.582663238081945,165.28317582417583,19.0,0.616419,40.3,270.0526451030303,89.88963962656815,53.64323574369774,27.834443551481325,0.0,0.0,0.0,91.0,0.0,91.0,0.0,0.0,91.0,91.0,91.0
Bolivia (Plurinational State of),autumn2020,-1.536812175981714,18.907010989010992,10.8,0.500436,25.4,299.19737527205746,58.442524705563336,-17.24265734971056,-65.95110691228105,91.0,91.0,78.0,78.0,11.0,91.0,91.0,78.0,0.0,0.0,0.0
Bolivia (Plurinational State of),spring2020,-0.8661801614858102,17.133263736263736,57.61538461538461,0.500436,25.4,297.8240700820595,63.12602080520493,-17.24265734971056,-65.95110691228105,91.0,85.0,91.0,90.0,68.0,90.0,14.0,91.0,91.0,0.0,0.0
Bolivia (Plurinational State of),spring2021,-1.909655504004016,137.04067032967035,6.066666666666666,0.500436,25.4,297.5564843801937,66.65648017619793,-17.24265734971056,-65.95110691228105,0.0,0.0,0.0,0.0,0.0,0.0,91.0,0.0,78.0,6.0,0.0
Brazil,spring2020,-1.2029757984592826,44.60151648351648,19.82850092535472,0.716641,33.5,297.14818375971,75.9367676546446,-18.452805057894587,-45.24934894684034,91.0,76.0,0.0,0.0,0.0,0.0,0.0,0.0,88.0,0.0,75.0
Brazil,spring2021,-3.722865456689176,304.6243186813187,-0.1575520833333333,0.716641,33.5,297.43796265717623,75.39279069670701,-18.452805057894587,-45.24934894684034,35.0,79.0,0.0,0.0,0.0,0.0,91.0,0.0,0.0,0.0,0.0
Brazil,summer2020,-3.15434529859956,177.89834065934065,6.892161108705067,0.716641,33.5,296.2793043725533,69.78950347331923,-18.452805057894587,-45.24934894684034,91.0,73.0,0.0,0.0,0.0,0.0,26.0,0.0,44.0,0.0,91.0
Brazil,summer2021,-3.4986936743143318,183.86515384615385,-10.796709129511678,0.716641,33.5,295.4965078086824,69.59062689964475,-18.452805057894587,-45.24934894684034,0.0,23.0,0.0,0.0,0.0,0.0,79.0,0.0,12.0,12.0,0.0
Brazil,winter2021,-2.858145902811987,235.4007472527472,3.681995661605206,0.716641,33.5,299.54424849097416,77.26205320102378,-18.452805057894587,-45.24934894684034,91.0,91.0,0.0,0.0,0.0,0.0,91.0,0.0,0.0,0.0,49.0
Bulgaria,winter2021,-2.647426735599524,157.91695604395605,25.15,0.66612,44.7,280.5949134911425,75.28703949307308,42.68946311663259,24.35550056638828,91.0,91.0,91.0,82.0,0.0,0.0,91.0,0.0,91.0,0.0,91.0
Cambodia,autumn2020,-0.0127793314526102,0.0544615384615384,21.83333333333333,0.355133,25.6,299.15264892578125,78.56405639648438,11.56245,104.91601,14.0,91.0,14.0,14.0,0.0,91.0,0.0,14.0,0.0,0.0,0.0
Cambodia,spring2020,-0.4503450627150926,0.0784505494505494,15.761904761904765,0.355133,25.6,302.0566711425781,69.75220489501953,11.56245,104.91601,91.0,90.0,55.0,76.0,0.0,0.0,0.0,0.0,23.0,0.0,0.0
Cambodia,spring2021,-2.341255012747762,24.058967032967036,35.69565217391305,0.355133,25.6,301.3260498046875,73.4936752319336,11.56245,104.91601,89.0,89.0,34.0,52.0,0.0,17.0,22.0,32.0,0.0,0.0,91.0
Cambodia,summer2020,-0.3624626307531998,0.0953076923076922,16.095238095238095,0.355133,25.6,300.49664306640625,79.85079193115234,11.56245,104.91601,84.0,62.0,0.0,0.0,0.0,42.0,0.0,0.0,18.0,0.0,0.0
Cambodia,summer2021,-3.304411571371937,39.60571428571428,36.19047619047619,0.355133,25.6,300.3944091796875,78.2697525024414,11.56245,104.91601,91.0,91.0,14.0,46.0,0.0,0.0,20.0,0.0,0.0,0.0,91.0
Cambodia,winter2021,-1.8854910296114435,0.6263406593406593,20.90909090909091,0.355133,25.6,299.4975891113281,61.12466812133789,11.56245,104.91601,28.0,57.0,85.0,91.0,0.0,48.0,34.0,7.0,0.0,0.0,34.0
Cameroon,autumn2020,-0.3750516104464169,2.00856043956044,13.0,0.38877,18.8,299.68205639135505,83.74074682191005,4.431559271846379,10.643114457467204,0.0,0.0,71.0,91.0,18.0,0.0,91.0,0.0,8.0,0.0,0.0
Cameroon,spring2020,-1.130573485543848,3.503241758241758,5.913043478260869,0.38877,18.8,300.8524521562153,81.55109879352274,4.431559271846379,10.643114457467204,89.0,44.0,89.0,89.0,89.0,0.0,63.0,0.0,89.0,0.0,0.0
Cameroon,spring2021,0.0821240204694154,15.93115384615385,16.541666666666668,0.38877,18.8,300.63330905922953,81.73858205877605,4.431559271846379,10.643114457467204,0.0,0.0,0.0,91.0,0.0,0.0,91.0,0.0,0.0,0.0,0.0
Cameroon,summer2021,-0.3802928800692601,1.6630439560439558,13.296296296296296,0.38877,18.8,298.7757086258762,85.43575461284789,4.431559271846379,10.643114457467204,0.0,0.0,0.0,91.0,0.0,0.0,91.0,0.0,0.0,35.0,0.0
Cameroon,winter2021,0.2183171333379776,6.248021978021978,21.185185185185187,0.38877,18.8,301.5443822123551,70.84519716643527,4.431559271846379,10.643114457467204,0.0,0.0,0.0,91.0,0.0,0.0,91.0,0.0,0.0,0.0,0.0
Canada,autumn2020,-2.2194505026198192,93.89725274725276,17.0431654676259,0.9734,41.4,281.87905223895376,71.75102492733642,46.34300260018114,-87.86346816554885,38.0,26.0,0.0,0.0,0.0,91.0,0.0,91.0,91.0,0.0,21.0
Canada,spring2020,-1.0150509705484496,28.39715384615385,38.87109375,0.9734,41.4,282.8373031637556,62.13645791875269,46.34300260018114,-87.86346816554885,91.0,89.0,0.0,7.0,0.0,91.0,0.0,91.0,89.0,0.0,0.0
Canada,spring2021,-3.6644357816573994,142.53706593406594,19.31294964028777,0.9734,41.4,284.52767607373687,60.0874557572328,46.34300260018114,-87.86346816554885,91.0,74.0,0.0,0.0,0.0,16.0,0.0,91.0,91.0,0.0,0.0
Canada,winter2021,-3.629409204304384,128.87902197802197,23.46043165467626,0.9734,41.4,270.8920578467331,73.7094039143001,46.34300260018114,-87.86346816554885,91.0,89.0,0.0,0.0,0.0,26.0,0.0,91.0,91.0,0.0,0.0
Chile,autumn2020,-2.315580171597777,78.45851648351649,20.47058823529412,0.801129,35.4,291.4594577181463,64.32068670040195,-33.289141626452405,-71.03224167585932,91.0,91.0,40.0,0.0,0.0,0.0,6.0,91.0,70.0,27.0,91.0
Chile,spring2020,-0.8804085682332937,119.24042857142857,32.46376811594203,0.801129,35.4,292.35975716133834,62.33027039998726,-33.289141626452405,-71.03224167585932,91.0,91.0,82.0,51.0,0.0,51.0,0.0,91.0,89.0,0.0,77.0
Chile,spring2021,-2.87961718732563,334.81365934065934,13.66153846153846,0.801129,35.4,291.6462196915252,65.96209416006438,-33.289141626452405,-71.03224167585932,69.0,91.0,42.0,0.0,0.0,9.0,49.0,91.0,91.0,91.0,91.0
Chile,summer2020,-2.6775111010718207,129.36726373626374,30.87037037037037,0.801129,35.4,287.3841176531206,68.59574927631287,-33.289141626452405,-71.03224167585932,91.0,91.0,56.0,0.0,14.0,0.0,0.0,91.0,91.0,0.0,91.0
Chile,summer2021,-3.293593827791521,95.862032967033,-1.421875,0.801129,35.4,288.15964041298884,69.31332157456863,-33.289141626452405,-71.03224167585932,36.0,64.0,0.0,0.0,0.0,0.0,91.0,91.0,42.0,84.0,91.0
Colombia,autumn2020,-2.526038969663602,152.07416483516482,10.213333333333331,0.58385,32.2,299.2734615578465,82.2178816366932,5.881549778328987,-74.75306039336384,73.0,0.0,35.0,91.0,91.0,91.0,0.0,8.0,91.0,0.0,56.0
Colombia,spring2020,-0.4621271748738502,10.911714285714286,44.59192825112108,0.58385,32.2,299.48654313700115,82.94745057304529,5.881549778328987,-74.75306039336384,91.0,82.0,90.0,90.0,82.0,82.0,69.0,87.0,84.0,0.0,73.0
Colombia,spring2021,-1.8874196158886625,310.8296483516483,4.780487804878049,0.58385,32.2,299.2138650269489,85.25186429463845,5.881549778328987,-74.75306039336384,42.0,86.0,8.0,70.0,34.0,0.0,70.0,0.0,49.0,0.0,91.0
Colombia,summer2020,-1.9304011492770925,142.62649450549452,22.346666666666668,0.58385,32.2,299.3565791980578,82.15778750237281,5.881549778328987,-74.75306039336384,91.0,78.0,91.0,91.0,91.0,42.0,78.0,91.0,91.0,0.0,78.0
Colombia,summer2021,-1.5570730282586744,252.29935164835163,-9.015686274509804,0.58385,32.2,299.19053639715514,82.82165148809047,5.881549778328987,-74.75306039336384,26.0,0.0,42.0,91.0,91.0,0.0,91.0,0.0,0.0,0.0,91.0
Colombia,winter2021,-1.360848084797024,188.0672307692308,9.308724832214764,0.58385,32.2,299.1722819669765,79.67982609133198,5.881549778328987,-74.75306039336384,0.0,67.0,0.0,24.0,24.0,24.0,0.0,18.0,91.0,0.0,91.0
Costa Rica,autumn2020,-2.708031426319981,204.1958901098901,28.0,0.73696,33.6,300.09712662296016,93.52570230872593,9.95491745690512,-84.11010797166499,91.0,91.0,91.0,91.0,0.0,91.0,42.0,91.0,23.0,0.0,0.0
Costa Rica,spring2020,-0.8206401468787135,3.609527472527472,34.0,0.73696,33.6,300.71589875402327,86.03116195456177,9.95491745690512,-84.11010797166499,91.0,91.0,91.0,0.0,23.0,75.0,0.0,0.0,90.0,0.0,91.0
Costa Rica,spring2021,-2.02804808320246,279.7090329670329,18.0,0.73696,33.6,300.1583023992009,88.2366018977427,9.95491745690512,-84.11010797166499,21.0,91.0,91.0,91.0,35.0,91.0,91.0,91.0,0.0,26.0,0.0
Costa Rica,summer2020,-2.1893435388406437,114.91193406593408,34.0,0.73696,33.6,300.4204077195618,91.94916554992112,9.95491745690512,-84.11010797166499,91.0,82.0,91.0,44.0,0.0,91.0,0.0,24.0,86.0,0.0,24.0
Costa Rica,summer2021,-2.407724371640793,320.50205494505497,13.0,0.73696,33.6,300.2343177732678,92.78371424016429,9.95491745690512,-84.11010797166499,91.0,91.0,91.0,82.0,0.0,91.0,91.0,91.0,0.0,91.0,0.0
Costa Rica,winter2021,-2.649966503615633,124.33554945054944,22.0,0.73696,33.6,299.3008512662187,80.34423051258997,9.95491745690512,-84.11010797166499,56.0,91.0,91.0,91.0,0.0,91.0,91.0,91.0,0.0,0.0,0.0
Croatia,spring2021,-2.38292829995622,289.4698351648352,13.181818181818182,0.719996,44.0,285.87451171875,66.78375244140625,45.81444,15.977980000000002,21.0,7.0,0.0,91.0,62.0,7.0,91.0,43.0,84.0,84.0,0.0
Croatia,winter2021,-2.4541186726923634,202.34990109890103,26.954545454545453,0.719996,44.0,278.7257080078125,77.32034301757812,45.81444,15.977980000000002,49.0,77.0,0.0,91.0,82.0,0.0,91.0,91.0,91.0,91.0,18.0
Côte d'Ivoire,autumn2020,-0.1633942700683155,1.0833516483516483,10.538461538461538,0.270743,18.7,298.59070678596447,84.59285202881784,5.577917574905649,-4.125751344442011,0.0,0.0,0.0,0.0,0.0,8.0,46.0,0.0,46.0,0.0,91.0
Côte d'Ivoire,spring2020,-0.6508446088234057,2.064692307692308,3.333333333333333,0.270743,18.7,299.6852105248294,84.30419840109451,5.577917574905649,-4.125751344442011,61.0,50.0,80.0,50.0,53.0,82.0,0.0,0.0,91.0,0.0,0.0
Côte d'Ivoire,spring2021,-0.402014131471783,4.065659340659341,13.076923076923077,0.270743,18.7,299.71680021385873,82.6602995718243,5.577917574905649,-4.125751344442011,0.0,0.0,0.0,0.0,0.0,91.0,91.0,0.0,76.0,15.0,76.0
Côte d'Ivoire,summer2020,-0.5364919661505398,5.65787912087912,0.9166666666666666,0.270743,18.7,297.094850278508,86.63827477683388,5.577917574905649,-4.125751344442011,0.0,35.0,46.0,0.0,0.0,24.0,24.0,0.0,66.0,0.0,60.0
Côte d'Ivoire,summer2021,-1.1090721719439096,4.2029010989011,9.76923076923077,0.270743,18.7,297.5760691411395,85.39290734228453,5.577917574905649,-4.125751344442011,0.0,0.0,0.0,0.0,0.0,85.0,91.0,0.0,6.0,12.0,0.0
Côte d'Ivoire,winter2021,-0.3321859026550875,6.488087912087913,16.923076923076923,0.270743,18.7,299.7990637178633,82.17588167954902,5.577917574905649,-4.125751344442011,0.0,0.0,0.0,0.0,0.0,69.0,69.0,0.0,26.0,0.0,57.0
Denmark,spring2020,-0.8158605152193467,21.41548351648352,29.83838383838384,0.953641,42.3,282.0119934082031,64.17538452148438,55.67594,12.56553,91.0,89.0,0.0,91.0,91.0,91.0,0.0,90.0,91.0,34.0,0.0
Denmark,spring2021,-2.348908438950254,131.2166923076923,18.43,0.953641,42.3,281.619140625,69.69851684570312,55.67594,12.56553,91.0,91.0,91.0,91.0,0.0,67.0,0.0,91.0,91.0,91.0,0.0
Denmark,winter2021,-2.531146352923616,209.2605384615385,35.4,0.953641,42.3,274.6605529785156,84.06424713134766,55.67594,12.56553,70.0,70.0,70.0,91.0,0.0,70.0,0.0,91.0,91.0,91.0,0.0
Ecuador,spring2021,-1.9533962536276663,83.98371428571429,26.768115942028984,0.575843,28.1,297.5859486350715,83.24859438185,-1.4560111498286723,-79.32913762287527,31.0,52.0,41.0,41.0,63.0,24.0,72.0,91.0,55.0,19.0,34.0
Ecuador,summer2021,-1.7596786896999768,40.755538461538464,15.883211678832115,0.575843,28.1,296.59695208555775,77.76158157516659,-1.4560111498286723,-79.32913762287527,91.0,12.0,91.0,91.0,75.0,28.0,79.0,91.0,0.0,69.0,91.0
Ecuador,winter2021,-2.09157886344126,61.49890109890109,28.63235294117647,0.575843,28.1,297.8418620593404,83.9018733655961,-1.4560111498286723,-79.32913762287527,91.0,70.0,91.0,91.0,84.0,78.0,91.0,91.0,0.0,27.0,0.0
Egypt,autumn2020,-1.1075409163619772,2.167758241758241,5.533333333333333,0.530405,25.3,295.7856601581897,58.5046173597788,30.213057497417765,31.081372859994246,91.0,91.0,91.0,0.0,32.0,91.0,54.0,0.0,0.0,0.0,91.0
Egypt,spring2020,-1.0968338497033463,4.689120879120879,24.73333333333333,0.530405,25.3,294.8264701608677,49.24738390453872,30.213057497417765,31.081372859994246,91.0,91.0,86.0,0.0,82.0,82.0,2.0,68.0,88.0,0.0,91.0
Egypt,spring2021,-0.2434349771205558,8.670208791208792,6.766666666666667,0.530405,25.3,295.49854886699944,46.43250298745147,30.213057497417765,31.081372859994246,47.0,78.0,85.0,85.0,32.0,76.0,91.0,0.0,0.0,0.0,7.0
Egypt,summer2020,-0.3850713481354854,5.945791208791207,12.25,0.530405,25.3,300.9484095557153,57.62910750800981,30.213057497417765,31.081372859994246,91.0,91.0,91.0,0.0,91.0,91.0,0.0,0.0,16.0,0.0,91.0
Egypt,summer2021,0.0941540044167648,2.0843186813186816,4.333333333333333,0.530405,25.3,301.46451477121315,54.30229941251987,30.213057497417765,31.081372859994246,0.0,0.0,91.0,91.0,0.0,0.0,91.0,0.0,0.0,0.0,0.0
Egypt,winter2021,-1.7407325370553788,7.309505494505495,12.766666666666667,0.530405,25.3,288.88106497763494,59.00009791336837,30.213057497417765,31.081372859994246,91.0,91.0,91.0,83.0,0.0,91.0,91.0,0.0,0.0,0.0,91.0
El Salvador,spring2020,-0.9567008211067266,6.485022727272727,54.06666666666667,0.607731,27.6,301.7773132324219,73.49449157714844,13.68935,-89.18718,91.0,91.0,86.0,55.0,89.0,86.0,68.0,91.0,91.0,52.0,0.0
El Salvador,summer2020,-1.7618846684156275,39.12449450549451,39.333333333333336,0.607731,27.6,301.2601623535156,76.8375015258789,13.68935,-89.18718,91.0,56.0,91.0,91.0,91.0,91.0,91.0,91.0,91.0,91.0,0.0
El Salvador,summer2021,-1.5758239757150267,38.3878021978022,12.6,0.607731,27.6,301.0126647949219,76.88021850585938,13.68935,-89.18718,0.0,0.0,14.0,0.0,0.0,0.0,91.0,0.0,0.0,91.0,0.0
Estonia,spring2020,-1.0256080905663791,14.942923076923076,32.714285714285715,0.797443,42.7,279.7649230957031,64.59383392333984,59.43696,24.75353,60.0,66.0,77.0,82.0,0.0,0.0,0.0,73.0,41.0,0.0,0.0
Estonia,spring2021,-2.520647109924269,378.9883406593408,17.133333333333333,0.797443,42.7,280.34185791015625,69.49222564697266,59.43696,24.75353,63.0,91.0,49.0,88.0,0.0,55.0,0.0,49.0,0.0,0.0,82.0
Estonia,winter2021,-2.6442162322366856,553.5354285714286,15.733333333333333,0.797443,42.7,270.25006103515625,86.85186767578125,59.43696,24.75353,32.0,40.0,4.0,55.0,0.0,4.0,0.0,27.0,91.0,0.0,7.0
Finland,winter2021,-2.5761898608370557,71.93096703296703,14.86904761904762,0.968274,42.8,269.1377547374711,90.23902678534763,60.44515009378821,24.708776256471964,0.0,0.0,0.0,0.0,0.0,91.0,0.0,91.0,91.0,0.0,0.0
France,winter2021,-2.88759843256839,276.4520769230769,22.318181818181817,0.855407,42.0,280.1951474196642,79.73131350593702,47.31697032145368,3.019757105665715,56.0,91.0,91.0,91.0,0.0,91.0,0.0,91.0,91.0,91.0,0.0
Georgia,spring2021,-2.2006642358831465,218.0697472527472,9.0,0.735821,38.7,291.2770690917969,66.79955291748047,41.69411,44.83368,0.0,91.0,91.0,91.0,0.0,91.0,91.0,91.0,0.0,0.0,91.0
Georgia,winter2021,-2.710853727504596,235.42956043956045,31.5,0.735821,38.7,281.26385498046875,68.7154312133789,41.69411,44.83368,65.0,91.0,91.0,91.0,0.0,56.0,83.0,0.0,53.0,0.0,91.0
Germany,spring2020,-0.6506937813437346,23.80147252747253,28.823529411764707,0.96689,46.6,285.0415824417662,59.297100489217925,51.32118038069264,10.028717204879438,64.0,46.0,87.0,42.0,0.0,5.0,0.0,85.0,91.0,47.0,2.0
Germany,spring2021,-2.9897165829200003,149.89669230769232,21.352941176470587,0.96689,46.6,283.3374629178654,69.0690175661009,51.32118038069264,10.028717204879438,77.0,91.0,91.0,91.0,91.0,8.0,0.0,91.0,91.0,86.0,23.0
Germany,winter2021,-2.816858227839902,160.84364835164834,29.647058823529413,0.96689,46.6,276.94921591805564,81.64173118867456,51.32118038069264,10.028717204879438,90.0,91.0,91.0,91.0,91.0,27.0,0.0,91.0,91.0,0.0,22.0
Ghana,autumn2020,-0.3073997098517053,2.596956043956044,10.666666666666666,0.462565,21.1,299.275972712407,82.11891771920426,6.317334260613837,-1.086107727188438,91.0,0.0,46.0,91.0,0.0,0.0,91.0,0.0,0.0,91.0,91.0
Ghana,spring2021,-0.195047020568789,2.3309670329670333,5.333333333333333,0.462565,21.1,300.67740870824315,77.0402292164706,6.317334260613837,-1.086107727188438,0.0,0.0,91.0,91.0,0.0,69.0,91.0,0.0,49.0,47.0,69.0
Ghana,summer2021,-0.0039832106502321,10.052549450549453,2.6666666666666665,0.462565,21.1,298.1089945188332,83.42657123956194,6.317334260613837,-1.086107727188438,0.0,28.0,91.0,91.0,0.0,76.0,91.0,0.0,0.0,0.0,62.0
Ghana,winter2021,-0.1047967423244466,12.061505494505496,12.666666666666666,0.462565,21.1,300.92032643597736,73.29093288493856,6.317334260613837,-1.086107727188438,32.0,20.0,20.0,91.0,0.0,20.0,91.0,0.0,29.0,83.0,83.0
Guatemala,spring2020,-0.4213017001528384,5.927450549450551,36.11111111111112,0.477179,22.9,302.5420837402344,73.64359283447266,14.612652,-90.530746,91.0,90.0,90.0,91.0,90.0,85.0,68.0,85.0,91.0,0.0,0.0
Guatemala,spring2021,-2.0189867111113653,53.48347252747253,15.605504587155965,0.477179,22.9,301.5938720703125,76.30329895019531,14.612652,-90.530746,17.0,0.0,5.0,91.0,91.0,0.0,91.0,0.0,58.0,34.0,0.0
Guatemala,summer2021,-0.7856799913621919,143.92458241758243,13.917431192660551,0.477179,22.9,301.4932861328125,80.48836517333984,14.612652,-90.530746,20.0,0.0,42.0,71.0,29.0,20.0,84.0,20.0,91.0,91.0,0.0
Guatemala,winter2021,-1.4745885290543157,32.274186813186816,21.445454545454545,0.477179,22.9,300.3512268066406,67.72529602050781,14.612652,-90.530746,91.0,0.0,0.0,27.0,91.0,0.0,91.0,0.0,0.0,0.0,0.0
Haiti,autumn2020,-0.7288182967117953,0.9844615384615384,25.1,0.149471,24.3,300.11688232421875,82.71046447753906,18.53917,-72.335,0.0,0.0,64.0,84.0,0.0,91.0,91.0,0.0,0.0,0.0,0.0
Haiti,spring2020,-0.201398068540448,3.924793103448276,25.11111111111111,0.149471,24.3,299.79608154296875,78.23352813720703,18.53917,-72.335,91.0,75.0,88.0,88.0,13.0,88.0,23.0,0.0,91.0,0.0,0.0
Haiti,spring2021,-0.4393969186101706,3.281956043956044,21.22222222222222,0.149471,24.3,299.0063781738281,79.98529052734375,18.53917,-72.335,0.0,0.0,20.0,91.0,21.0,91.0,91.0,20.0,0.0,91.0,91.0
Haiti,summer2020,-0.9998669446890728,4.299714285714285,24.444444444444443,0.149471,24.3,301.4552001953125,78.31905364990234,18.53917,-72.335,63.0,0.0,35.0,35.0,8.0,91.0,91.0,0.0,15.0,0.0,0.0
Haiti,summer2021,-0.5730105172185418,4.839582417582417,28.2,0.149471,24.3,300.9556884765625,78.97665405273438,18.53917,-72.335,0.0,0.0,91.0,91.0,31.0,91.0,91.0,60.0,0.0,91.0,91.0
Haiti,winter2021,0.8280932274484565,2.9905824175824174,36.0,0.149471,24.3,298.42059326171875,78.3426513671875,18.53917,-72.335,0.0,0.0,0.0,91.0,0.0,62.0,91.0,0.0,0.0,34.0,34.0
Honduras,autumn2020,-0.4973941814223689,50.85546153846153,27.296296296296298,0.407296,24.9,299.5540737927517,86.58463625849551,14.627335123971166,-87.52346748804543,91.0,91.0,91.0,91.0,91.0,85.0,91.0,85.0,0.0,0.0,0.0
Honduras,spring2020,-0.0524422327049065,9.669835164835163,48.63636363636363,0.407296,24.9,301.8927436108168,72.98324620074533,14.627335123971166,-87.52346748804543,91.0,91.0,91.0,91.0,91.0,91.0,25.0,91.0,91.0,0.0,0.0
Honduras,spring2021,-1.8177716212216224,75.84203296703298,21.74074074074074,0.407296,24.9,300.99410887130205,74.45949271150027,14.627335123971166,-87.52346748804543,91.0,91.0,91.0,91.0,0.0,91.0,91.0,90.0,91.0,41.0,0.0
Honduras,summer2020,-0.2750339895088105,64.35393406593407,36.87037037037037,0.407296,24.9,300.87325193000544,81.6722374996945,14.627335123971166,-87.52346748804543,91.0,91.0,91.0,91.0,91.0,68.0,91.0,68.0,63.0,0.0,0.0
Honduras,summer2021,-0.9627882859661864,112.64313186813186,17.98148148148148,0.407296,24.9,300.77908732234886,81.39938389641868,14.627335123971166,-87.52346748804543,73.0,91.0,91.0,91.0,0.0,91.0,91.0,91.0,65.0,91.0,0.0
Honduras,winter2021,-1.857356447814,69.79986813186814,26.37037037037037,0.407296,24.9,298.40780751512864,77.58201174742695,14.627335123971166,-87.52346748804543,91.0,91.0,91.0,91.0,60.0,89.0,91.0,50.0,71.0,0.0,0.0
Hungary,winter2021,-2.4009333601769804,269.2912747252747,19.52380952380953,0.795623,43.4,276.7373962402344,78.30830383300783,47.49801,19.03991,91.0,91.0,91.0,91.0,91.0,91.0,7.0,91.0,91.0,0.0,0.0
India,autumn2020,-0.8601172756021798,39.7291978021978,13.517189835575486,0.493799,28.2,300.0614509076889,68.08187100573248,20.80176831281388,78.15820883212945,40.0,17.0,68.0,0.0,74.0,0.0,0.0,0.0,91.0,0.0,74.0
India,spring2020,-1.0741574810489225,2.620802197802198,29.746564885496184,0.493799,28.2,303.3956234019886,59.49980158593221,20.80176831281388,78.15820883212945,91.0,58.0,83.0,41.0,41.0,55.0,0.0,43.0,91.0,53.0,77.0
India,spring2021,-1.4545336737279566,142.942021978022,29.5186846038864,0.493799,28.2,303.4799434976548,57.131986291296734,20.80176831281388,78.15820883212945,70.0,56.0,0.0,0.0,0.0,0.0,91.0,91.0,91.0,50.0,50.0
India,summer2021,-0.2645869860869209,29.6038021978022,11.127055306427504,0.493799,28.2,301.69789254996294,79.15413804451453,20.80176831281388,78.15820883212945,42.0,63.0,0.0,0.0,0.0,0.0,91.0,91.0,91.0,0.0,0.0
India,winter2021,-1.3735764191741475,11.839351648351649,9.168908819133035,0.493799,28.2,296.78191270643754,60.31455820850217,20.80176831281388,78.15820883212945,72.0,0.0,0.0,0.0,43.0,0.0,48.0,48.0,91.0,48.0,91.0
Indonesia,spring2020,-0.1897747674379583,1.5173846153846156,28.82857142857143,0.562944,29.3,299.9688509871274,82.89867303354575,-4.887366088802735,108.4527463241145,91.0,59.0,0.0,0.0,0.0,0.0,70.0,0.0,91.0,0.0,0.0
Indonesia,spring2021,-0.6802891605853959,19.55954945054945,24.085714285714285,0.562944,29.3,299.9120239032618,81.34644439927531,-4.887366088802735,108.4527463241145,91.0,0.0,0.0,0.0,0.0,0.0,91.0,0.0,91.0,91.0,91.0
Indonesia,summer2020,-0.5796120543454386,7.161571428571429,18.114285714285717,0.562944,29.3,299.7188785022967,77.1383239983085,-4.887366088802735,108.4527463241145,15.0,0.0,0.0,0.0,0.0,0.0,91.0,0.0,91.0,0.0,0.0
Indonesia,winter2021,-1.065372833170426,31.875505494505493,27.37142857142857,0.562944,29.3,298.88999580110664,84.67487612885266,-4.887366088802735,108.4527463241145,14.0,0.0,0.0,0.0,0.0,8.0,91.0,0.0,84.0,35.0,20.0
Iraq,autumn2020,-1.6486370324171926,75.87416483516483,10.0,0.432182,20.0,299.06974753783834,36.332587358430224,33.453356682419184,44.73157644930604,76.0,91.0,0.0,6.0,91.0,91.0,91.0,10.0,2.0,0.0,0.0
Iraq,winter2021,-0.6122119316899444,48.98160439560439,6.0,0.432182,20.0,288.66051520867666,47.33385324806866,33.453356682419184,44.73157644930604,33.0,65.0,25.0,20.0,60.0,91.0,91.0,25.0,78.0,20.0,0.0
Ireland,autumn2020,-2.1369890064986525,99.6814945054945,24.14814814814815,0.90632,38.7,282.89678955078125,84.59700012207031,53.33306,-6.24889,61.0,91.0,75.0,54.0,58.0,87.0,0.0,91.0,0.0,0.0,91.0
Ireland,spring2020,-0.7902320746387373,55.51724175824175,48.92592592592592,0.90632,38.7,282.8465270996094,74.45191955566406,53.33306,-6.24889,91.0,80.0,91.0,91.0,70.0,81.0,0.0,80.0,0.0,0.0,10.0
Ireland,spring2021,-2.3963588447923017,88.35262637362638,27.185185185185187,0.90632,38.7,281.95587158203125,77.71038055419922,53.33306,-6.24889,28.0,91.0,84.0,91.0,91.0,56.0,91.0,91.0,91.0,0.0,91.0
Ireland,winter2021,-3.1322814421367577,332.02758241758244,42.48148148148148,0.90632,38.7,278.552490234375,85.06394958496094,53.33306,-6.24889,91.0,91.0,91.0,91.0,91.0,91.0,73.0,91.0,66.0,0.0,63.0
Israel,autumn2020,-2.0943349817344457,237.68245054945052,27.15,0.782439,30.6,295.7896690485699,70.40326136511862,32.08395810660351,34.875412844751025,41.0,87.0,80.0,91.0,44.0,40.0,91.0,91.0,40.0,40.0,63.0
Israel,winter2021,-2.62042126877152,546.1991428571428,29.8,0.782439,30.6,288.88708572028844,63.633134605702885,32.08395810660351,34.875412844751025,11.0,91.0,91.0,91.0,90.0,42.0,91.0,91.0,91.0,91.0,91.0
Italy,winter2021,-3.440303073365321,251.10498901098893,23.77952755905512,0.82169,47.9,282.09973340930395,74.56509671515744,43.27400394408993,11.650189506342764,56.0,91.0,91.0,91.0,91.0,0.0,0.0,91.0,91.0,67.0,91.0
Jamaica,spring2020,-0.88163816444912,2.243362637362637,36.0,0.499783,31.4,299.4223022460937,77.17504119873047,17.99702,-76.79358,91.0,68.0,91.0,89.0,54.0,75.0,56.0,91.0,91.0,0.0,0.0
Jamaica,spring2021,-1.5998420639127795,69.39776923076923,31.466666666666665,0.499783,31.4,298.83447265625,78.28218078613281,17.99702,-76.79358,11.0,80.0,80.0,80.0,91.0,91.0,91.0,27.0,18.0,91.0,91.0
Jamaica,summer2021,-1.38795590588393,98.23159340659342,27.933333333333334,0.499783,31.4,300.3964538574219,77.88522338867188,17.99702,-76.79358,4.0,87.0,87.0,87.0,91.0,91.0,91.0,67.0,74.0,91.0,91.0
Japan,autumn2020,-3.985095820390156,9.141153846153845,5.833333333333333,0.92641,48.2,288.6387675263737,69.8067490489568,35.4445607857852,137.27533709581132,0.0,0.0,0.0,0.0,13.0,91.0,7.0,91.0,72.0,0.0,0.0
Japan,spring2020,-3.1180562271007517,1.4414175824175826,12.958333333333334,0.92641,48.2,288.6214656371023,68.04775388175521,35.4445607857852,137.27533709581132,77.0,0.0,0.0,0.0,0.0,28.0,0.0,91.0,73.0,0.0,0.0
Japan,spring2021,-4.595678983097934,28.518142857142852,9.4375,0.92641,48.2,289.2557249951159,67.83431664019447,35.4445607857852,137.27533709581132,0.0,0.0,0.0,0.0,0.0,91.0,0.0,91.0,91.0,0.0,65.0
Japan,winter2021,-3.784157659420463,23.305153846153843,9.041666666666666,0.92641,48.2,279.18589291189073,61.38233885668529,35.4445607857852,137.27533709581132,0.0,0.0,0.0,0.0,77.0,91.0,0.0,91.0,91.0,0.0,0.0
Jordan,autumn2020,-1.993338259171315,274.2699010989012,19.642857142857142,0.707361,23.2,297.36892321926416,58.031872372970085,32.05072350467669,35.96182631652947,91.0,88.0,91.0,91.0,91.0,87.0,52.0,87.0,91.0,0.0,0.0
Jordan,spring2021,-2.1066935206387183,284.9474725274725,31.071428571428573,0.707361,23.2,297.18914943096865,43.74457585507066,32.05072350467669,35.96182631652947,79.0,62.0,58.0,70.0,91.0,91.0,58.0,0.0,39.0,50.0,0.0
Jordan,winter2021,-2.581824960304516,232.6842527472528,25.785714285714285,0.707361,23.2,288.6288733041585,66.4318005764425,32.05072350467669,35.96182631652947,91.0,55.0,55.0,91.0,91.0,91.0,91.0,18.0,91.0,6.0,18.0
Kazakhstan,autumn2020,-1.1283935865464525,28.864186813186816,24.0,0.607098,30.6,280.446941990216,62.34841933377062,46.68298328635828,73.26364227333832,76.0,58.0,91.0,44.0,15.0,0.0,91.0,4.0,91.0,15.0,11.0
Kazakhstan,winter2021,-2.910490271702081,51.06271428571428,26.0,0.607098,30.6,271.96068183752334,72.29343395381953,46.68298328635828,73.26364227333832,91.0,71.0,91.0,80.0,14.0,47.0,91.0,7.0,91.0,0.0,0.0
Kenya,autumn2020,-0.6646862247768424,11.138802197802198,4.547619047619048,0.385436,20.0,301.6458696887293,70.5470019301537,-1.5516829865337756,37.09571059809962,91.0,15.0,55.0,68.0,28.0,91.0,38.0,91.0,0.0,0.0,91.0
Kenya,spring2021,-0.0617983537997897,12.410989010989011,-3.071428571428572,0.385436,20.0,301.56104351232216,71.37403689750153,-1.5516829865337756,37.09571059809962,54.0,0.0,77.0,44.0,84.0,91.0,91.0,84.0,59.0,0.0,91.0
Kenya,summer2020,-1.075864103450858,6.507780219780221,7.738095238095238,0.385436,20.0,300.11763888387065,73.3614608894615,-1.5516829865337756,37.09571059809962,91.0,91.0,91.0,91.0,91.0,69.0,91.0,91.0,47.0,0.0,12.0
Kenya,summer2021,0.2622223770184427,13.667505494505493,-22.536585365853657,0.385436,20.0,299.5833204821621,70.97352571063442,-1.5516829865337756,37.09571059809962,64.0,0.0,91.0,64.0,21.0,70.0,91.0,27.0,0.0,12.0,70.0
Kenya,winter2021,0.3880916192069601,4.265604395604396,3.1666666666666665,0.385436,20.0,302.3938686262732,64.5862888138164,-1.5516829865337756,37.09571059809962,21.0,0.0,91.0,43.0,91.0,91.0,91.0,91.0,0.0,0.0,91.0
Kyrgyzstan,winter2021,-2.4941752306757485,15.739912087912089,34.75,0.555486,26.3,282.6026306152344,53.21986389160156,42.87,74.59,14.0,14.0,0.0,77.0,14.0,0.0,91.0,0.0,70.0,0.0,1.0
Lao People's Democratic Republic,autumn2020,-0.5073885032080571,0.0268131868131868,7.0,0.355111,24.4,299.0586853027344,76.14993286132812,17.96667,102.6,0.0,91.0,0.0,0.0,0.0,0.0,69.0,0.0,62.0,0.0,91.0
Lao People's Democratic Republic,spring2020,-1.4749925314611008,0.0310722891566265,13.0,0.355111,24.4,302.9059753417969,67.4206771850586,17.96667,102.6,75.0,63.0,77.0,63.0,49.0,35.0,77.0,35.0,81.0,0.0,70.0
Lao People's Democratic Republic,spring2021,-0.2841199546207464,2.9009340659340657,34.0,0.355111,24.4,302.729736328125,71.07720947265625,17.96667,102.6,53.0,25.0,32.0,32.0,32.0,13.0,91.0,71.0,33.0,0.0,91.0
Lao People's Democratic Republic,summer2020,-1.377252042710079,0.0059670329670329,2.0,0.355111,24.4,301.732421875,83.17304992675781,17.96667,102.6,0.0,44.0,16.0,0.0,0.0,0.0,91.0,0.0,57.0,0.0,91.0
Lao People's Democratic Republic,summer2021,-2.0230992443864424,22.874989010989008,28.0,0.355111,24.4,301.8994445800781,79.56124114990234,17.96667,102.6,43.0,82.0,22.0,82.0,82.0,91.0,91.0,0.0,0.0,0.0,22.0
Lao People's Democratic Republic,winter2021,-0.0449430048377279,0.0104395604395604,13.0,0.355111,24.4,297.135986328125,62.58381271362304,17.96667,102.6,0.0,35.0,0.0,0.0,0.0,0.0,91.0,56.0,64.0,0.0,91.0
Latvia,spring2020,-0.6716957514950013,6.280571428571427,30.58974358974359,0.763937,43.9,280.719970703125,65.77597045898438,56.946,24.10589,91.0,83.0,57.0,86.0,75.0,91.0,0.0,91.0,85.0,5.0,19.0
Latvia,spring2021,-2.4083582818581752,248.68297802197804,26.923076923076923,0.763937,43.9,281.13446044921875,69.51728057861328,56.946,24.10589,91.0,78.0,91.0,91.0,0.0,0.0,37.0,0.0,91.0,0.0,0.0
Latvia,winter2021,-2.749981628945508,400.8806043956044,35.725,0.763937,43.9,270.69561767578125,86.43533325195312,56.946,24.10589,91.0,91.0,91.0,91.0,0.0,8.0,91.0,16.0,44.0,0.0,0.0
Lebanon,autumn2020,-1.576910661474909,198.3952307692308,22.25,0.546332,31.1,296.175048828125,66.9244384765625,33.9,35.48333,91.0,91.0,91.0,60.0,30.0,61.0,91.0,30.0,0.0,0.0,0.0
Lebanon,spring2021,-2.3464706855317696,201.18254945054943,30.9375,0.546332,31.1,293.6892395019531,64.72154235839844,33.9,35.48333,63.0,91.0,91.0,91.0,91.0,91.0,91.0,83.0,8.0,0.0,0.0
Lebanon,winter2021,-2.496998611183163,441.44671428571417,43.96875,0.546332,31.1,288.8268127441406,67.56790161132812,33.9,35.48333,91.0,91.0,91.0,91.0,91.0,91.0,91.0,78.0,34.0,0.0,0.0
Lithuania,spring2021,-2.326460162015144,295.6195714285714,16.202898550724637,0.771597,43.5,282.151611328125,71.67921447753906,54.68916,25.2798,91.0,46.0,35.0,91.0,4.0,39.0,0.0,91.0,20.0,22.0,91.0
Luxembourg,spring2021,-2.6460443953771127,223.35863736263732,22.0,0.875694,39.7,283.9089050292969,71.01513671875,49.61167,6.13,15.0,15.0,0.0,62.0,0.0,91.0,0.0,91.0,91.0,77.0,91.0
Luxembourg,winter2021,-2.8866400021152328,289.9179010989011,29.0,0.875694,39.7,278.4169311523437,82.9931869506836,49.61167,6.13,49.0,91.0,21.0,91.0,0.0,91.0,21.0,91.0,91.0,72.0,91.0
Malaysia,autumn2020,-1.387271120903482,24.66281318681319,17.764705882352942,0.761135,29.9,299.5292462910754,85.92088112389841,3.4462781545951104,103.3426337257226,76.0,69.0,74.0,0.0,7.0,0.0,84.0,91.0,48.0,91.0,91.0
Malaysia,spring2020,-0.1171336808958813,2.690571428571429,46.88235294117647,0.761135,29.9,300.49823063612075,85.07125501141073,3.4462781545951104,103.3426337257226,91.0,89.0,89.0,18.0,0.0,50.0,0.0,86.0,91.0,68.0,91.0
Malaysia,spring2021,-1.2872681890855724,111.8961098901099,16.294117647058822,0.761135,29.9,300.2333638174794,85.79026692703623,3.4462781545951104,103.3426337257226,72.0,55.0,33.0,33.0,34.0,33.0,91.0,91.0,85.0,91.0,22.0
Malaysia,summer2020,-0.947053825440853,0.4903406593406593,13.058823529411764,0.761135,29.9,299.932120788802,85.36764240700977,3.4462781545951104,103.3426337257226,40.0,88.0,88.0,0.0,0.0,0.0,0.0,91.0,91.0,91.0,91.0
Malaysia,summer2021,-1.5675544074106025,443.2961648351648,36.0,0.761135,29.9,300.0235920386125,82.86891277854356,3.4462781545951104,103.3426337257226,55.0,91.0,62.0,51.0,91.0,91.0,91.0,91.0,90.0,91.0,0.0
Mali,spring2020,0.3455460041660878,1.0578170731707317,8.5,0.184254,16.4,307.44937901217844,40.27181884362225,12.478146438287215,-7.699063834056081,88.0,46.0,82.0,82.0,0.0,46.0,37.0,0.0,82.0,0.0,62.0
Mali,spring2021,-0.7672207599447246,2.8648131868131865,6.0,0.184254,16.4,307.8176281291286,36.72105484732933,12.478146438287215,-7.699063834056081,0.0,91.0,91.0,91.0,0.0,91.0,91.0,0.0,0.0,22.0,91.0
Mali,summer2020,-0.1792547833334576,0.5875824175824176,7.0,0.184254,16.4,301.05788275585866,80.97355696575059,12.478146438287215,-7.699063834056081,91.0,0.0,91.0,91.0,0.0,0.0,91.0,0.0,46.0,0.0,91.0
Mali,summer2021,-0.2170599682532487,0.3336043956043956,0.5,0.184254,16.4,301.51066914818267,78.26549244229872,12.478146438287215,-7.699063834056081,0.0,69.0,69.0,69.0,0.0,35.0,91.0,0.0,0.0,34.0,84.0
Mauritius,spring2020,-0.7565783938551284,2.973483146067416,63.3,0.635763,37.4,296.9007568359375,73.3404769897461,-20.16194,57.49889,88.0,87.0,87.0,84.0,87.0,84.0,52.0,56.0,88.0,14.0,39.0
Mauritius,summer2020,-2.277058986186422,0.2070989010989011,9.363636363636363,0.635763,37.4,293.9537658691406,68.94125366210938,-20.16194,57.49889,16.0,0.0,0.0,0.0,0.0,0.0,91.0,0.0,91.0,91.0,91.0
Mexico,autumn2020,-3.029983993992919,49.06947252747254,25.848484848484848,0.734971,29.3,299.3112433092798,60.78093912909264,21.778946716336318,-100.7103203206436,91.0,83.0,91.0,0.0,87.0,21.0,0.0,0.0,4.0,0.0,0.0
Mexico,spring2020,-0.9344797796298692,12.382747252747254,39.60606060606061,0.734971,29.3,301.0745353794481,52.74996995460042,21.778946716336318,-100.7103203206436,84.0,78.0,83.0,63.0,0.0,63.0,0.0,0.0,86.0,0.0,0.0
Mexico,spring2021,-2.6748510324949697,24.286263736263734,14.727272727272728,0.734971,29.3,300.5548417366392,52.576896289622354,21.778946716336318,-100.7103203206436,91.0,0.0,0.0,0.0,0.0,0.0,28.0,0.0,0.0,0.0,91.0
Mexico,winter2021,-3.123050962593862,77.29508791208791,26.12121212121212,0.734971,29.3,297.4329671659213,51.22986267000623,21.778946716336318,-100.7103203206436,91.0,71.0,63.0,0.0,57.0,0.0,13.0,0.0,0.0,0.0,70.0
Mongolia,spring2020,-0.9541379857894706,0.6468791208791209,-0.5,0.626185,28.6,288.8271789550781,42.39395904541016,47.90771,106.88324,91.0,91.0,91.0,75.0,0.0,77.0,0.0,3.0,91.0,0.0,91.0
Mongolia,winter2021,-2.120522325351845,10.083747252747251,17.5,0.626185,28.6,268.6092224121094,75.28441619873047,47.90771,106.88324,91.0,28.0,0.0,0.0,0.0,0.0,91.0,12.0,91.0,0.0,91.0
Mozambique,spring2020,-0.2349280710318303,0.2132117647058823,-1.4375,0.262501,17.7,296.2947297802865,70.59971165178892,-21.81529903177137,34.352252982952464,84.0,18.0,84.0,84.0,75.0,75.0,41.0,17.0,17.0,0.0,85.0
Nepal,autumn2020,-1.6241480141475182,71.93852747252747,21.0,0.404405,25.0,299.953798247807,74.09327640863879,27.82297551856039,85.01668338925603,71.0,25.0,0.0,91.0,91.0,66.0,91.0,0.0,91.0,0.0,25.0
Nepal,spring2020,-0.0488823944695609,2.132626373626373,58.0,0.404405,25.0,300.52381908092525,73.72205440575537,27.82297551856039,85.01668338925603,88.0,87.0,89.0,89.0,83.0,86.0,0.0,0.0,85.0,0.0,91.0
Nepal,spring2021,-0.6239052082039189,123.40346153846154,35.0,0.404405,25.0,302.0257617261964,62.55729924528131,27.82297551856039,85.01668338925603,56.0,46.0,46.0,40.0,46.0,40.0,91.0,41.0,28.0,0.0,0.0
Nepal,summer2020,-2.041132208086432,17.922791208791207,28.0,0.404405,25.0,303.83362046026514,91.04445358183288,27.82297551856039,85.01668338925603,91.0,91.0,45.0,91.0,57.0,37.0,8.0,0.0,79.0,0.0,91.0
Nepal,summer2021,-0.179337640202341,62.46848351648351,15.0,0.404405,25.0,303.5929392376776,90.89807145133064,27.82297551856039,85.01668338925603,78.0,44.0,78.0,78.0,71.0,49.0,91.0,91.0,0.0,83.0,0.0
Nepal,winter2021,-1.3924547830549605,9.927384615384616,5.0,0.404405,25.0,294.6049650297596,67.94113973697446,27.82297551856039,85.01668338925603,0.0,0.0,0.0,78.0,78.0,78.0,91.0,0.0,37.0,0.0,0.0
New Zealand,summer2020,-2.208155563707556,0.6301538461538462,2.2,0.916279,37.9,284.5090965758459,76.48854526283725,-38.72223293546598,174.44132115560825,0.0,19.0,22.0,0.0,0.0,0.0,0.0,91.0,91.0,0.0,91.0
Nicaragua,autumn2020,-0.986078314306739,1.7526923076923078,10.294117647058824,0.492491,27.3,299.43609619140625,80.61078643798828,12.13282,-86.2504,0.0,0.0,0.0,0.0,0.0,0.0,0.0,67.0,0.0,0.0,0.0
Nicaragua,summer2020,-0.8128576632120201,5.49912087912088,16.833333333333332,0.492491,27.3,300.39227294921875,75.85807800292969,12.13282,-86.2504,29.0,0.0,0.0,0.0,0.0,0.0,0.0,0.0,0.0,0.0,0.0
Nicaragua,summer2021,-1.9551514193550144,7.686296703296703,2.611111111111111,0.492491,27.3,300.5556335449219,72.45563507080078,12.13282,-86.2504,0.0,0.0,0.0,0.0,0.0,0.0,0.0,91.0,0.0,48.0,0.0
Niger,autumn2020,0.2878032259072358,0.4714615384615384,19.857142857142858,0.166531,15.1,304.7476695514397,39.89370221718446,13.594272940518556,3.997293730058258,0.0,0.0,0.0,0.0,0.0,10.0,18.0,0.0,0.0,62.0,0.0
Niger,winter2021,-0.0461025038193601,1.1377692307692306,22.0,0.166531,15.1,302.7972923398658,17.252232891063887,13.594272940518556,3.997293730058258,0.0,0.0,0.0,34.0,0.0,0.0,0.0,0.0,0.0,91.0,0.0
Nigeria,spring2021,-0.3681738820505381,0.3331538461538462,5.73404255319149,0.270681,18.1,302.0958122352644,69.0820544666239,7.600705340070521,5.919353266994245,0.0,0.0,0.0,91.0,63.0,91.0,91.0,63.0,0.0,0.0,57.0
Nigeria,summer2021,-0.4541756301272081,1.667824175824176,-4.523584905660377,0.270681,18.1,298.93013124096314,83.59535063138306,7.600705340070521,5.919353266994245,0.0,20.0,20.0,91.0,91.0,91.0,71.0,57.0,0.0,20.0,0.0
Nigeria,winter2021,-0.9984910102640752,4.547494505494505,14.448598130841122,0.270681,18.1,301.7827823200513,58.49239687663424,7.600705340070521,5.919353266994245,77.0,0.0,0.0,91.0,0.0,91.0,91.0,22.0,0.0,0.0,91.0
Norway,autumn2020,-2.1351695247938296,58.00284615384616,14.36065573770492,1.0,39.7,280.8832092285156,89.4068374633789,59.91273,10.74609,0.0,0.0,49.0,58.0,0.0,39.0,0.0,11.0,0.0,0.0,91.0
Norway,spring2020,-1.079831464947778,14.89831868131868,31.82758620689655,1.0,39.7,281.7047424316406,60.26665878295898,59.91273,10.74609,56.0,78.0,70.0,83.0,59.0,0.0,0.0,0.0,91.0,0.0,13.0
Norway,spring2021,-3.4926632937319506,95.71505494505494,15.103825136612022,1.0,39.7,281.69873046875,68.43302917480469,59.91273,10.74609,0.0,91.0,32.0,91.0,91.0,91.0,0.0,90.0,91.0,0.0,91.0
Norway,winter2021,-3.1752785275327526,79.29073626373626,19.453551912568305,1.0,39.7,271.5001525878906,87.56723022460938,59.91273,10.74609,50.0,51.0,91.0,70.0,58.0,91.0,0.0,91.0,45.0,0.0,91.0
Oman,autumn2020,-2.287709185044415,76.77657142857143,24.58333333333333,0.633743,30.7,300.9353589447779,51.00555167479776,22.20563917502177,57.59900733530621,48.0,40.0,91.0,91.0,39.0,12.0,91.0,40.0,0.0,74.0,0.0
Oman,spring2020,-0.8010301583055728,49.353351648351655,27.416666666666668,0.633743,30.7,304.26847463934985,50.04824162056688,22.20563917502177,57.59900733530621,91.0,76.0,90.0,90.0,88.0,43.0,28.0,66.0,91.0,0.0,40.0
Oman,spring2021,-2.237849150703547,184.64537362637367,33.833333333333336,0.633743,30.7,305.4537243272616,42.52341559415244,22.20563917502177,57.59900733530621,91.0,85.0,79.0,79.0,72.0,80.0,91.0,85.0,88.0,91.0,0.0
Oman,winter2021,-1.7232102421357127,43.39536263736263,27.416666666666668,0.633743,30.7,295.94909542041364,51.37942291594344,22.20563917502177,57.59900733530621,8.0,11.0,91.0,91.0,0.0,11.0,91.0,11.0,63.0,91.0,0.0
Pakistan,autumn2020,-0.611553641417096,6.771307692307693,2.333333333333333,0.308544,23.5,299.7194536866592,53.67307650066443,29.364233901903635,70.95306279965261,34.0,39.0,0.0,0.0,0.0,17.0,91.0,74.0,0.0,0.0,91.0
Pakistan,spring2021,0.1031743755739125,16.333956043956046,0.5238095238095238,0.308544,23.5,303.0487448846828,49.974365926531455,29.364233901903635,70.95306279965261,0.0,87.0,20.0,4.0,4.0,30.0,91.0,57.0,0.0,91.0,0.0
Pakistan,winter2021,-0.4223666806207866,8.132747252747253,1.0,0.308544,23.5,292.57300432365827,57.05001591213771,29.364233901903635,70.95306279965261,49.0,91.0,0.0,0.0,0.0,0.0,91.0,91.0,0.0,5.0,86.0
Panama,spring2020,-0.5605317126078714,53.60845054945056,69.0,0.606521,29.7,299.6645202636719,82.30616760253906,8.995816,-79.519572,91.0,87.0,91.0,91.0,73.0,81.0,13.0,82.0,91.0,0.0,0.0
Panama,spring2021,-1.7523159714391263,100.12691208791207,20.5,0.606521,29.7,299.2876281738281,84.81439971923828,8.995816,-79.519572,91.0,91.0,35.0,91.0,91.0,0.0,91.0,0.0,50.0,91.0,91.0
Panama,summer2020,-0.936536491597796,201.4601208791209,51.5,0.606521,29.7,299.04229736328125,89.33292388916014,8.995816,-79.519572,91.0,69.0,91.0,91.0,71.0,24.0,91.0,91.0,91.0,0.0,16.0
Panama,summer2021,-2.2411251761084863,186.01336263736263,13.5,0.606521,29.7,299.0754699707031,88.8120346069336,8.995816,-79.519572,91.0,91.0,0.0,77.0,57.0,7.0,91.0,0.0,0.0,91.0,91.0
Paraguay,spring2020,-1.6712783921850556,1.949923076923077,20.55555555555556,0.541167,26.5,295.0951653923479,63.42568249309341,-25.31967162806589,-57.370612155438046,91.0,91.0,91.0,91.0,82.0,86.0,0.0,19.0,91.0,0.0,91.0
Paraguay,spring2021,-2.5125174318956867,321.8052417582418,15.38888888888889,0.541167,26.5,295.2599507351273,69.5680828448836,-25.31967162806589,-57.370612155438046,44.0,85.0,16.0,91.0,40.0,91.0,85.0,91.0,0.0,25.0,91.0
Paraguay,summer2020,-2.032757555823291,40.37978021978022,6.388888888888889,0.541167,26.5,293.16803043930656,62.62737075152556,-25.31967162806589,-57.370612155438046,40.0,91.0,91.0,91.0,71.0,81.0,48.0,0.0,91.0,0.0,91.0
Paraguay,summer2021,-3.14420535808296,103.23029670329667,6.888888888888889,0.541167,26.5,292.05628659686363,59.93580792816808,-25.31967162806589,-57.370612155438046,0.0,72.0,0.0,91.0,0.0,91.0,90.0,79.0,0.0,8.0,91.0
Peru,spring2020,-0.1940188089512667,75.66375824175825,53.19607843137255,0.64567,29.1,295.31577732255465,81.03446812558988,-11.505557535326767,-76.6434126887082,91.0,91.0,91.0,91.0,70.0,91.0,74.0,91.0,91.0,0.0,6.0
Peru,spring2021,-3.9845956881727824,196.2185604395604,14.53225806451613,0.64567,29.1,294.65804255811975,82.18040755360343,-11.505557535326767,-76.6434126887082,35.0,23.0,91.0,91.0,52.0,1.0,91.0,40.0,52.0,51.0,40.0
Peru,summer2021,-4.096288980797524,51.86962637362637,2.56198347107438,0.64567,29.1,292.4845311404593,78.40537790064802,-11.505557535326767,-76.6434126887082,21.0,21.0,56.0,91.0,91.0,63.0,91.0,0.0,91.0,91.0,21.0
Philippines,spring2021,0.0217118924986132,68.69096703296704,27.653846153846157,0.544923,25.2,300.8257325248981,75.29408591661019,12.839345087520094,121.87068514555573,53.0,82.0,0.0,0.0,55.0,0.0,76.0,57.0,91.0,55.0,71.0
Philippines,summer2021,-0.2233228527665181,90.222978021978,26.57692307692308,0.544923,25.2,300.4047714312667,80.85169292345682,12.839345087520094,121.87068514555573,91.0,60.0,0.0,0.0,8.0,0.0,91.0,32.0,91.0,91.0,59.0
Poland,spring2020,-0.4918037429262097,8.510736263736263,27.749367088607595,0.782799,41.8,283.8823802273193,60.3604246897407,52.03484967821903,19.2112777481206,91.0,91.0,75.0,60.0,67.0,60.0,44.0,15.0,91.0,0.0,0.0
Poland,spring2021,-2.6071930845354654,282.2588461538461,11.906801007556677,0.782799,41.8,283.26728143692253,69.08627689003453,52.03484967821903,19.2112777481206,61.0,91.0,74.0,83.0,91.0,91.0,0.0,0.0,0.0,0.0,0.0
Poland,winter2021,-2.380604516763672,224.14597802197807,20.65491183879093,0.782799,41.8,273.97944365814857,84.28076086396543,52.03484967821903,19.2112777481206,91.0,91.0,91.0,91.0,91.0,91.0,29.0,81.0,81.0,0.0,0.0
Portugal,autumn2020,-2.059854134430081,307.7562307692308,12.089622641509434,0.888782,46.2,288.93899114240475,78.34683241881478,39.46491666887831,-8.981216653674583,17.0,91.0,91.0,90.0,91.0,0.0,47.0,91.0,91.0,91.0,0.0
Portugal,winter2021,-2.9875517142550856,503.1044945054945,37.953216374269005,0.888782,46.2,284.68872471695755,77.82145118942002,39.46491666887831,-8.981216653674583,52.0,91.0,91.0,91.0,91.0,67.0,91.0,91.0,91.0,91.0,17.0
Qatar,autumn2020,-3.0507343638110425,72.07578021978021,2.5,0.787534,31.9,301.0603332519531,59.48530578613281,25.26955715043531,51.459604106391474,91.0,0.0,91.0,91.0,91.0,91.0,0.0,0.0,91.0,91.0,91.0
Qatar,spring2020,-0.8046401010226316,296.9915054945054,37.0,0.787534,31.9,302.42333984375,45.97417831420898,25.26955715043531,51.459604106391474,91.0,90.0,85.0,85.0,91.0,90.0,18.0,0.0,91.0,33.0,91.0
Qatar,spring2021,-0.7662690112828203,185.5348461538462,11.5,0.787534,31.9,303.86700439453125,37.65945053100587,25.26955715043531,51.459604106391474,74.0,85.0,74.0,91.0,91.0,91.0,91.0,80.0,0.0,91.0,91.0
Qatar,summer2020,-1.933306884483883,158.01097802197802,9.5,0.787534,31.9,309.8828430175781,51.08893203735352,25.26955715043531,51.459604106391474,91.0,78.0,91.0,91.0,91.0,91.0,0.0,0.0,91.0,91.0,91.0
Qatar,summer2021,0.0447130292880136,55.91765934065935,7.5,0.787534,31.9,309.7577209472657,55.5898323059082,25.26955715043531,51.459604106391474,0.0,24.0,0.0,91.0,91.0,91.0,91.0,36.0,26.0,72.0,91.0
Qatar,winter2021,-2.221862239905426,109.83672527472528,7.0,0.787534,31.9,292.7594909667969,59.66183090209962,25.26955715043531,51.459604106391474,91.0,40.0,91.0,91.0,91.0,91.0,40.0,0.0,8.0,77.0,91.0
Republic of Korea,autumn2020,-2.015385091563152,4.540604395604396,5.0,0.879402,43.4,284.79140148861563,60.991444797012925,36.72506799976419,127.47274867804904,22.0,0.0,40.0,14.0,0.0,77.0,62.0,91.0,0.0,0.0,91.0
Republic of Korea,spring2021,-2.487684977703401,11.19267032967033,1.5,0.879402,43.4,287.84037827998674,66.20074400800858,36.72506799976419,127.47274867804904,0.0,0.0,49.0,91.0,0.0,91.0,91.0,91.0,52.0,91.0,91.0
Republic of Korea,winter2021,-2.717701231044672,11.25198901098901,11.5,0.879402,43.4,274.13670804535474,58.30635539768766,36.72506799976419,127.47274867804904,77.0,16.0,91.0,72.0,0.0,91.0,91.0,91.0,82.0,73.0,91.0
Republic of Moldova,spring2021,-1.916199203938376,140.18548351648352,24.0,0.635987,37.6,284.7041931152344,67.87046813964844,47.00556,28.8575,35.0,91.0,86.0,86.0,45.0,35.0,86.0,91.0,0.0,54.0,0.0
Republic of Moldova,winter2021,-2.412429837563012,212.85615384615383,23.0,0.635987,37.6,274.65802001953125,81.02851867675781,47.00556,28.8575,14.0,91.0,67.0,91.0,5.0,4.0,91.0,91.0,91.0,0.0,21.0
Romania,spring2020,-0.4938704973108101,12.563285714285714,36.30088495575221,0.657694,43.0,287.29639086918536,55.59983847988402,45.160298064823934,25.456421618083606,91.0,91.0,91.0,71.0,0.0,77.0,0.0,52.0,91.0,0.0,0.0
Romania,spring2021,-3.263926726889127,126.40097802197802,12.262589928057556,0.657694,43.0,285.66035725261446,67.65081148770066,45.160298064823934,25.456421618083606,0.0,0.0,0.0,88.0,0.0,61.0,61.0,61.0,56.0,13.0,91.0
Romania,winter2021,-2.5685982226949595,174.290021978022,21.37769784172662,0.657694,43.0,276.73779724843456,80.10737827600357,45.160298064823934,25.456421618083606,63.0,85.0,85.0,91.0,0.0,28.0,91.0,28.0,85.0,0.0,91.0
Russian Federation,spring2020,-0.2866457343730632,39.78045054945055,35.23529411764706,0.639878,39.6,283.0302508301825,60.91864245229752,54.65380639126773,51.65938694353625,88.0,56.0,90.0,43.0,0.0,0.0,0.0,70.0,91.0,70.0,91.0
Russian Federation,spring2021,-2.79334827612078,60.78608791208791,12.470588235294118,0.639878,39.6,283.28126036999333,62.95574435687508,54.65380639126773,51.65938694353625,0.0,0.0,0.0,0.0,0.0,13.0,0.0,0.0,91.0,0.0,0.0
Russian Federation,winter2021,-2.6036490646005874,128.91123076923074,17.41176470588235,0.639878,39.6,264.3602999969355,86.4950860683772,54.65380639126773,51.65938694353625,0.0,0.0,0.0,0.0,0.0,42.0,9.0,15.0,91.0,49.0,49.0
Saudi Arabia,autumn2020,-1.263314604308378,10.645802197802196,23.571428571428573,0.736844,31.9,302.6018369951268,41.58065896423708,23.838432196536388,43.61685265918887,91.0,0.0,91.0,91.0,0.0,46.0,91.0,0.0,91.0,91.0,91.0
Saudi Arabia,spring2020,-0.7501402644658594,39.62626373626374,40.0,0.736844,31.9,304.46883005363384,33.8398628920482,23.838432196536388,43.61685265918887,91.0,52.0,91.0,76.0,71.0,22.0,16.0,84.0,91.0,19.0,91.0
Saudi Arabia,spring2021,-1.3642654531177365,25.92972527472527,15.071428571428571,0.736844,31.9,305.90034667812773,29.995370750992,23.838432196536388,43.61685265918887,91.0,0.0,91.0,91.0,0.0,0.0,91.0,0.0,91.0,91.0,91.0
Saudi Arabia,summer2021,0.1119638347667303,24.88553846153846,10.214285714285714,0.736844,31.9,311.1285395503206,32.56533013614775,23.838432196536388,43.61685265918887,91.0,0.0,91.0,91.0,20.0,0.0,91.0,0.0,91.0,63.0,56.0
Saudi Arabia,winter2021,-1.0679536656654394,7.002153846153846,21.357142857142858,0.736844,31.9,295.13947521557805,49.0675209204143,23.838432196536388,43.61685265918887,91.0,31.0,91.0,91.0,0.0,0.0,91.0,0.0,91.0,91.0,91.0
Senegal,autumn2020,-0.0407269536738493,1.786153846153846,21.666666666666668,0.329156,18.7,300.0010075555099,70.0364994350315,14.70618526098292,-17.37888505225162,59.0,8.0,4.0,0.0,0.0,0.0,87.0,0.0,91.0,0.0,91.0
Senegal,spring2021,-0.7881559451484259,3.2628681318681325,12.833333333333334,0.329156,18.7,294.6172311334893,74.61485594443305,14.70618526098292,-17.37888505225162,0.0,0.0,4.0,0.0,14.0,0.0,91.0,0.0,70.0,91.0,91.0
Senegal,summer2020,-1.1972849669661745,5.872703296703296,9.916666666666666,0.329156,18.7,299.09530338104184,83.35008276330846,14.70618526098292,-17.37888505225162,91.0,0.0,32.0,0.0,0.0,15.0,0.0,15.0,91.0,21.0,91.0
Senegal,summer2021,-0.8988225442696061,20.11675824175824,26.916666666666668,0.329156,18.7,298.6407723459178,82.79594395517599,14.70618526098292,-17.37888505225162,0.0,0.0,0.0,0.0,13.0,13.0,78.0,0.0,78.0,78.0,78.0
Senegal,winter2021,-1.0162491157034412,12.663692307692306,19.25,0.329156,18.7,295.5271407345712,49.0861595776784,14.70618526098292,-17.37888505225162,0.0,73.0,91.0,0.0,0.0,0.0,91.0,0.0,78.0,69.0,56.0
Serbia,winter2021,-3.319192189946967,399.5532967032967,24.0,0.568934,41.2,278.77227783203125,73.0862045288086,44.817649,20.463309,42.0,91.0,91.0,91.0,0.0,91.0,91.0,86.0,0.0,0.0,91.0
Singapore,autumn2020,-2.663611809474227,1.841703296703297,21.0,0.878289,42.4,299.64410400390625,81.7673110961914,1.28967,103.85007,0.0,91.0,17.0,6.0,0.0,91.0,91.0,91.0,91.0,0.0,91.0
Singapore,spring2020,-1.2834615262630964,81.36180219780219,51.0,0.878289,42.4,300.4082336425781,81.24595642089844,1.28967,103.85007,55.0,69.0,91.0,5.0,0.0,73.0,62.0,91.0,91.0,0.0,91.0
Singapore,spring2021,-2.838845061735891,4.374472527472527,12.0,0.878289,42.4,300.211669921875,81.27732849121094,1.28967,103.85007,26.0,91.0,0.0,91.0,0.0,91.0,91.0,91.0,91.0,91.0,91.0
Singapore,summer2020,-2.6195100145216776,33.85613186813187,31.0,0.878289,42.4,299.9862670898437,80.39513397216797,1.28967,103.85007,0.0,91.0,91.0,5.0,0.0,91.0,91.0,91.0,91.0,0.0,91.0
Singapore,summer2021,-2.1202651588688983,18.96323076923077,20.0,0.878289,42.4,300.03729248046875,79.1473388671875,1.28967,103.85007,22.0,57.0,0.0,91.0,0.0,91.0,91.0,91.0,91.0,91.0,91.0
Singapore,winter2021,-2.783073623122466,3.596791208791209,14.0,0.878289,42.4,298.6899108886719,81.61775207519531,1.28967,103.85007,0.0,91.0,0.0,74.0,0.0,91.0,91.0,91.0,91.0,83.0,91.0
Slovenia,spring2020,-0.9039629951288928,6.74543956043956,36.24193548387097,0.80579,44.5,287.4562683105469,64.88074493408203,46.05108,14.50513,77.0,59.0,88.0,56.0,56.0,59.0,0.0,77.0,91.0,0.0,91.0
Slovenia,spring2021,-2.641542251879924,296.40452747252743,11.318181818181818,0.80579,44.5,285.9556884765625,73.04070281982422,46.05108,14.50513,48.0,71.0,63.0,91.0,26.0,43.0,91.0,91.0,0.0,91.0,0.0
Slovenia,winter2021,-3.4359074078909457,550.1053296703296,28.2012987012987,0.80579,44.5,279.4241638183594,80.32955169677734,46.05108,14.50513,68.0,91.0,91.0,91.0,57.0,91.0,91.0,91.0,0.0,37.0,0.0
South Africa,autumn2020,-2.1799111924184027,38.64896703296704,14.3,0.697292,27.3,297.94111035923675,63.47785099092217,-28.515972199958995,26.80043060210071,17.0,6.0,6.0,14.0,27.0,91.0,91.0,91.0,36.0,91.0,91.0
South Africa,spring2020,-0.7003020428158399,12.809142857142858,41.3,0.697292,27.3,296.07769983721283,63.43274213614809,-28.515972199958995,26.80043060210071,89.0,81.0,91.0,91.0,81.0,81.0,45.0,81.0,89.0,45.0,91.0
South Africa,spring2021,-0.9773506806957314,39.836945054945055,7.4,0.697292,27.3,296.3090003143268,61.89756759933636,-28.515972199958995,26.80043060210071,27.0,41.0,0.0,35.0,83.0,83.0,91.0,42.0,0.0,50.0,91.0
South Africa,summer2020,-2.9340824497960813,106.1079230769231,23.5,0.697292,27.3,293.12855301027537,52.03210118553869,-28.515972199958995,26.80043060210071,91.0,91.0,91.0,91.0,45.0,91.0,91.0,91.0,91.0,91.0,91.0
South Africa,summer2021,-1.0863557326550446,203.3581648351648,5.0,0.697292,27.3,293.3209022843632,52.58238595960813,-28.515972199958995,26.80043060210071,25.0,82.0,29.0,90.0,90.0,90.0,90.0,90.0,0.0,36.0,90.0
Spain,winter2021,-2.7757918222008096,341.6060989010989,22.09523809523809,0.875475,45.5,284.5875597716773,74.724955999731,40.13863772762609,-1.8770890457559468,15.0,89.0,91.0,91.0,0.0,91.0,91.0,0.0,91.0,0.0,0.0
Sri Lanka,autumn2020,-1.177937454565518,15.108450549450549,29.0,0.571001,34.1,299.5381164550781,80.90166473388672,6.93194,79.84778,42.0,0.0,0.0,0.0,0.0,49.0,91.0,71.0,0.0,0.0,91.0
Sri Lanka,spring2020,-1.230310331726841,0.9564835164835166,53.0,0.571001,34.1,300.7757568359375,79.882080078125,6.93194,79.84778,91.0,56.0,91.0,64.0,47.0,79.0,26.0,85.0,91.0,0.0,91.0
Sri Lanka,spring2021,-1.874078973655778,69.38309890109892,33.0,0.571001,34.1,300.1540222167969,81.15086364746094,6.93194,79.84778,64.0,59.0,47.0,47.0,42.0,68.0,91.0,53.0,22.0,91.0,91.0
Sri Lanka,summer2020,-1.4660711879246024,0.6875934065934066,14.0,0.571001,34.1,299.9219665527344,82.0718765258789,6.93194,79.84778,66.0,0.0,65.0,22.0,0.0,78.0,91.0,0.0,47.0,0.0,91.0
Sri Lanka,summer2021,-1.9483703815587408,134.07454945054943,37.0,0.571001,34.1,299.6640319824219,81.66464233398438,6.93194,79.84778,91.0,56.0,91.0,91.0,91.0,91.0,91.0,91.0,11.0,91.0,91.0
Sri Lanka,winter2021,-2.027288197555573,28.1747032967033,25.0,0.571001,34.1,298.9937438964844,77.84101867675781,6.93194,79.84778,63.0,91.0,0.0,0.0,0.0,0.0,91.0,91.0,30.0,71.0,91.0
Sweden,spring2020,-0.8281625076213013,54.905252747252746,20.444881889763774,0.955625,41.0,281.04425577579445,62.30481361264138,58.4765916645104,15.89387464533067,90.0,0.0,78.0,78.0,75.0,82.0,0.0,91.0,91.0,0.0,7.0
Sweden,spring2021,-3.222749869165089,401.188945054945,18.595890410958905,0.955625,41.0,280.9619607815741,68.4469203492629,58.4765916645104,15.89387464533067,0.0,78.0,78.0,91.0,91.0,91.0,0.0,91.0,91.0,0.0,0.0
Sweden,winter2021,-3.160118246658913,424.44282417582406,24.77739726027397,0.955625,41.0,273.2811265227639,84.61319904428184,58.4765916645104,15.89387464533067,0.0,91.0,91.0,91.0,91.0,91.0,0.0,91.0,91.0,0.0,0.0
Thailand,autumn2020,-1.511661726059433,0.1155934065934066,9.0,0.711334,40.1,299.3731454562567,74.06495936240819,14.124949945752231,100.80594715532608,0.0,0.0,0.0,0.0,22.0,91.0,0.0,0.0,69.0,0.0,72.0
Thailand,spring2020,-0.481865439421448,0.4745494505494506,23.0,0.711334,40.1,302.43337841337035,71.55009352665738,14.124949945752231,100.80594715532608,89.0,70.0,64.0,64.0,0.0,86.0,0.0,0.0,82.0,0.0,62.0
Thailand,spring2021,-2.4016733223518445,26.54642857142857,14.0,0.711334,40.1,301.87372505765467,74.02302680398188,14.124949945752231,100.80594715532608,57.0,0.0,91.0,91.0,91.0,0.0,49.0,0.0,48.0,0.0,0.0
Thailand,summer2020,-1.480029911999957,0.0529999999999999,13.0,0.711334,40.1,301.4035732665889,77.49704443302174,14.124949945752231,100.80594715532608,16.0,0.0,0.0,0.0,0.0,91.0,0.0,0.0,91.0,0.0,81.0
Thailand,summer2021,-1.0522191416747697,186.3576043956044,19.0,0.711334,40.1,300.996258661098,77.2943420883792,14.124949945752231,100.80594715532608,26.0,0.0,78.0,78.0,78.0,0.0,91.0,0.0,78.0,1.0,7.0
Thailand,winter2021,-1.53189521868587,3.5688791208791204,8.0,0.711334,40.1,298.82871680561686,64.26821616880684,14.124949945752231,100.80594715532608,42.0,26.0,55.0,20.0,53.0,42.0,0.0,0.0,8.0,0.0,33.0
Togo,autumn2020,-0.3911806191638567,2.1761978021978026,9.5,0.259396,19.4,299.0766296386719,84.43621063232422,6.13748,1.21227,49.0,42.0,0.0,91.0,76.0,64.0,91.0,0.0,0.0,0.0,0.0
Togo,spring2021,-0.0728331910062562,7.20264835164835,9.8,0.259396,19.4,300.4300231933594,80.57386016845703,6.13748,1.21227,14.0,0.0,29.0,83.0,0.0,91.0,91.0,0.0,49.0,0.0,91.0
Togo,summer2021,-0.7549716692245795,12.949736263736266,7.75,0.259396,19.4,297.8997497558594,85.24778747558594,6.13748,1.21227,0.0,0.0,41.0,91.0,0.0,91.0,91.0,0.0,0.0,41.0,91.0
Togo,winter2021,0.6348982571640334,6.246142857142857,14.0,0.259396,19.4,300.47857666015625,81.17556762695312,6.13748,1.21227,0.0,29.0,45.0,63.0,37.0,14.0,91.0,0.0,14.0,0.0,62.0
Turkey,spring2021,-1.6017890597931754,316.71948351648354,16.353765323992995,0.677438,31.6,290.33718249927443,62.149585600429376,39.54482689645596,31.764487001700708,78.0,78.0,78.0,71.0,84.0,91.0,91.0,88.0,63.0,0.0,88.0
Turkey,winter2021,-2.464731189967301,134.7301868131868,20.993006993006997,0.677438,31.6,283.2655371028653,69.2763209266613,39.54482689645596,31.764487001700708,84.0,91.0,91.0,35.0,32.0,48.0,91.0,91.0,59.0,0.0,91.0
Uganda,autumn2020,-2.4271778478179638,5.301263736263737,1.9047619047619049,0.36585,16.4,302.09405517578125,82.40675354003906,0.31628,32.58219,91.0,91.0,56.0,56.0,12.0,56.0,71.0,56.0,0.0,0.0,10.0
Uganda,spring2021,0.0852787839263416,4.989461538461539,-6.2,0.36585,16.4,302.3553161621094,79.60318756103516,0.31628,32.58219,60.0,91.0,0.0,0.0,25.0,45.0,60.0,20.0,44.0,51.0,0.0
Uganda,summer2020,-1.5764143464132525,0.956846153846154,4.142857142857143,0.36585,16.4,302.0428161621094,77.32994842529297,0.31628,32.58219,91.0,82.0,91.0,91.0,44.0,91.0,91.0,91.0,47.0,0.0,34.0
Uganda,summer2021,-1.1633390259295646,13.88285714285714,-5.65,0.36585,16.4,301.8724365234375,74.40890502929688,0.31628,32.58219,91.0,91.0,70.0,70.0,62.0,91.0,91.0,91.0,50.0,91.0,0.0
Ukraine,spring2020,-0.0233711836278542,8.051615384615385,37.0,0.617343,41.4,285.28283853711025,57.53310060227943,48.62675177841181,33.129176787345536,91.0,90.0,67.0,76.0,65.0,91.0,72.0,59.0,91.0,0.0,39.0
Ukraine,spring2021,-1.918237518444424,195.617945054945,21.5,0.617343,41.4,284.5683649300032,70.0655882546054,48.62675177841181,33.129176787345536,91.0,73.0,13.0,62.0,38.0,91.0,55.0,74.0,30.0,15.0,78.0
Ukraine,winter2021,-1.5451626713866686,149.5491978021978,22.0,0.617343,41.4,272.4385190318956,83.17718866419659,48.62675177841181,33.129176787345536,91.0,86.0,17.0,86.0,86.0,91.0,8.0,91.0,0.0,91.0,91.0
United Kingdom of Great Britain and Northern Ireland,autumn2020,-0.9079885939261312,238.79978021978025,31.899761336515517,0.897495,40.8,283.22562706499417,84.38117154367357,52.68656987899716,-1.528866285264312,21.0,91.0,91.0,91.0,91.0,52.0,61.0,91.0,0.0,0.0,0.0
United Kingdom of Great Britain and Northern Ireland,spring2020,-0.6164547513206388,43.32196703296703,57.10739856801909,0.897495,40.8,283.3199000535084,68.58336630822117,52.68656987899716,-1.528866285264312,89.0,86.0,85.0,83.0,87.0,84.0,0.0,84.0,0.0,0.0,14.0
United Kingdom of Great Britain and Northern Ireland,spring2021,-2.269929869758521,49.53108791208792,29.35322195704057,0.897495,40.8,281.99723882881216,72.80087559568082,52.68656987899716,-1.528866285264312,0.0,91.0,63.0,49.0,91.0,0.0,91.0,91.0,91.0,0.0,0.0
United Kingdom of Great Britain and Northern Ireland,winter2021,-2.322847399648861,388.4657802197803,46.64677804295943,0.897495,40.8,277.9783497732852,85.23337146507725,52.68656987899716,-1.528866285264312,84.0,91.0,91.0,90.0,91.0,72.0,91.0,91.0,81.0,0.0,0.0
United Republic of Tanzania,autumn2020,-0.6254178065751694,0.0,19.55555555555556,0.340445,17.7,299.7434589340487,75.83192705975772,-6.392462574417045,37.94514642471753,0.0,0.0,0.0,3.0,0.0,0.0,0.0,0.0,0.0,0.0,0.0
United Republic of Tanzania,spring2020,-1.9097724962856264,0.0909670329670329,13.8,0.340445,17.7,299.39274460427043,80.8729979709127,-6.392462574417045,37.94514642471753,90.0,0.0,77.0,90.0,0.0,0.0,0.0,0.0,36.0,0.0,0.0
United Republic of Tanzania,spring2021,0.1141313129452631,0.0,19.666666666666668,0.340445,17.7,299.1030295154584,78.34442035320811,-6.392462574417045,37.94514642471753,0.0,0.0,0.0,0.0,0.0,0.0,0.0,0.0,35.0,13.0,0.0
United Republic of Tanzania,summer2020,-1.4717957840713956,0.0,3.0384615384615383,0.340445,17.7,297.8496596121587,72.60715382216694,-6.392462574417045,37.94514642471753,14.0,0.0,0.0,91.0,0.0,0.0,0.0,0.0,0.0,0.0,0.0
United Republic of Tanzania,summer2021,-0.1425649351517861,0.1533076923076923,8.155555555555555,0.340445,17.7,297.5355298266219,73.05708815286211,-6.392462574417045,37.94514642471753,0.0,0.0,0.0,0.0,0.0,0.0,0.0,0.0,0.0,91.0,0.0
United Republic of Tanzania,winter2021,-0.3441958261348138,0.0,22.814814814814813,0.340445,17.7,300.7486472957313,75.61153757708001,-6.392462574417045,37.94514642471753,0.0,0.0,0.0,0.0,0.0,0.0,0.0,0.0,0.0,0.0,0.0
United States of America,autumn2020,-1.4143581599143529,325.5584945054945,20.6647440519106,0.924939,38.3,289.83688880635884,62.61718846636029,36.77559571957042,-92.94880859353192,91.0,16.0,0.0,0.0,35.0,0.0,3.0,91.0,91.0,91.0,0.0
United States of America,spring2020,-0.5587278603607768,68.8035054945055,30.84390771449171,0.924939,38.3,290.4524038053026,64.82866877734169,36.77559571957042,-92.94880859353192,91.0,88.0,0.0,0.0,0.0,0.0,0.0,91.0,91.0,91.0,0.0
United States of America,spring2021,-2.1674814810231258,133.0126043956044,18.364947710061305,0.924939,38.3,290.58569279526193,62.14926508342162,36.77559571957042,-92.94880859353192,8.0,0.0,0.0,0.0,69.0,14.0,0.0,69.0,91.0,91.0,0.0
United States of America,winter2021,-2.1774241752494654,433.5887252747252,21.539293439077145,0.924939,38.3,280.72037582278216,64.29746301141768,36.77559571957042,-92.94880859353192,51.0,0.0,0.0,0.0,91.0,0.0,0.0,91.0,91.0,91.0,0.0
Uruguay,summer2021,-1.9668842731347709,151.94129670329667,-0.4761904761904761,0.745957,35.6,284.61285400390625,74.00133514404297,-34.83346,-56.16735,0.0,42.0,0.0,71.0,91.0,91.0,0.0,0.0,91.0,91.0,54.0
Viet Nam,autumn2020,-0.1480330655296624,0.0373626373626373,-3.78125,0.626124,32.6,298.0168758696573,79.47537849798655,14.153340721059417,106.55243737873978,11.0,64.0,0.0,38.0,0.0,0.0,27.0,0.0,91.0,27.0,91.0
Viet Nam,spring2020,-2.2500494797252557,0.0311098901098901,-6.3125,0.626124,32.6,300.3127777360063,77.7838110427141,14.153340721059417,106.55243737873978,60.0,80.0,79.0,68.0,79.0,14.0,0.0,14.0,91.0,67.0,91.0
Viet Nam,spring2021,-1.8943798515601245,0.9040659340659342,10.078125,0.626124,32.6,300.0696230081382,80.11120289454149,14.153340721059417,106.55243737873978,48.0,0.0,0.0,0.0,64.0,49.0,91.0,13.0,91.0,91.0,14.0
Viet Nam,summer2020,-2.251510917053711,0.0815494505494505,-0.3125,0.626124,32.6,300.9690638297984,81.78938727607198,14.153340721059417,106.55243737873978,21.0,91.0,1.0,58.0,43.0,0.0,0.0,0.0,91.0,53.0,91.0
Viet Nam,winter2021,0.0879231751475943,0.1294835164835164,6.84375,0.626124,32.6,295.43539176253506,73.77829167012568,14.153340721059417,106.55243737873978,64.0,14.0,0.0,56.0,34.0,0.0,91.0,0.0,91.0,91.0,43.0
Zambia,autumn2020,-1.3372292227416658,2.7501318681318683,6.0,0.420459,17.7,305.3545419409371,48.71626488935715,-14.635675321659969,28.31290124448137,0.0,91.0,0.0,91.0,0.0,79.0,91.0,0.0,0.0,28.0,91.0
Zambia,spring2020,-0.4698525445894657,0.806449438202247,9.0,0.420459,17.7,300.8262154744789,60.67406486967355,-14.635675321659969,28.31290124448137,87.0,44.0,0.0,58.0,0.0,6.0,60.0,0.0,36.0,0.0,81.0
Zambia,spring2021,-0.086728465039602,15.651824175824176,2.5,0.420459,17.7,299.5505287814412,64.38703548470751,-14.635675321659969,28.31290124448137,0.0,0.0,91.0,91.0,0.0,44.0,91.0,0.0,0.0,0.0,0.0
Zambia,summer2020,-1.98167538684826,7.074670329670328,7.0,0.420459,17.7,298.4073881303083,48.84136268524183,-14.635675321659969,28.31290124448137,91.0,79.0,0.0,91.0,0.0,0.0,91.0,0.0,0.0,0.0,91.0
Zambia,summer2021,-0.4020096289194347,55.86783516483517,4.5,0.420459,17.7,298.632966645108,48.44083027355053,-14.635675321659969,28.31290124448137,60.0,83.0,66.0,87.0,4.0,0.0,91.0,0.0,0.0,87.0,0.0
Zambia,winter2021,-0.1471991763637088,38.6361978021978,18.5,0.420459,17.7,301.5532443503512,83.9807144976708,-14.635675321659969,28.31290124448137,49.0,48.0,43.0,91.0,0.0,48.0,84.0,0.0,0.0,36.0,48.0
